# Problem 1
part_a_var_english=0.001040566897928994
part_b_var_plaintext=0.0638173333333334
